7.25
8.9
7.75
8.6
8.6
3.6
5.8
3.35
3.05
2.8
4.45
4.45
5.3
6.35
5.55
3.6
4.15
6.95
3.35
4.15
4.7
3.6
7.5
9.15
10.25
12.5
11.15
8.05
6.4
8.6
11.65
9.15
8.05
6.35
4.45
2.5
3.9
4.2
4.45
4.45
5.3
4.7
6.95
7.5
9.15
8.3
8.9
7.75
6.1
8.1
7.5
8.3
9.2
5.25
3.9
0.55
3.35
3.6
6.95
4.7
6.1
5.25
4.7
6.65
7.25
6.65
5.55
8.1
11.95
12.25
11.95
12.25
12.25
11.95
9.7
7.5
7.2
8.05
10.55
10
7.25
4.7
1.65
5.85
9.15
6.65
6.4
7.5
12.25
15.3
10
6.7
5.85
5
6.65
3.35
9.45
9.7
11.4
11.7
11.65
13.05
12.5
10.85
9.75
11.1
11.4
8.3
8.9
12.5
12.5
9.2
10.85
8.05
6.95
9.7
7.5
13.05
12.8
12.8
10.55
12.75
13.65
9.45
10.55
10.85
8.1
8.85
8.3
10
10.3
14.45
10.25
12.5
11.65
8.6
7.2
5.55
9.15
14.2
13.6
17.5
16.65
21.1
16.15
14.7
14.45
22.2
17.8
19.75
14.15
16.7
14.45
16.4
16.4
20.3
23.05
23.9
21.4
18.35
15.55
16.4
14.75
15.55
14.4
11.95
19.15
20
21.65
15.25
15.25
13.3
11.4
13.6
14.75
16.95
20.8
22.5
20.3
24.45
23.65
16.95
13.9
16.35
18.1
18.1
17.2
18.05
20.3
16.35
20.6
22.25
20.3
22.2
17.5
20
21.7
16.35
19.15
21.4
23.05
25
21.7
22.5
20
19.15
19.45
19.75
22.2
24.15
25
24.75
20.55
20.85
19.45
16.95
20.3
17.25
20.3
20.85
19.7
20
19.7
20
18.05
20.55
25.25
17.2
19.15
23.05
21.9
18.3
19.15
22.5
15
16.1
18.6
22.5
19.4
16.1
20.3
20.55
23.3
19.75
18.3
22.8
23.9
23.05
22.5
20.25
16.4
16.65
14.45
15.8
17.5
14.2
16.95
14.45
16.65
11.95
11.95
16.7
14.7
14.45
16.65
18.6
19.45
18.6
16.35
20.85
21.9
20
13.9
15
16.95
15
16.95
13.6
11.1
16.4
13.05
13.6
10.55
11.7
10
12.5
13.6
12.5
11.95
16.95
16.35
17.75
17.2
20.8
22.25
12.5
9.2
11.65
12.75
14.45
18.05
13.65
8.05
2.2
1.1
4.15
0.3
3.05
0.55
2.25
6.4
6.65
8.05
10.85
9.45
7.25
5.3
7.8
9.2
8.9
8.9
9.45
8.6
7.5
3.35
0.85
2.5
5.25
5.3
6.1
3.9
5.8
9.75
7.25
9.15
6.1
5.25
5.25
7.2
6.95
7.25
6.15
5.25
5.25
4.75
6.1
8.05
5.55
5.25
5.3
7.2
3.9
5.55
4.45
6.95
5.55
5.3
6.1
6.65
3.9
3.6
3.05
1.95
1.65
-1.65