-14.5642911
-14.62461193
-14.68048682
-14.73190083
-14.77884022
-14.82129243
-14.8592461
-14.8926911
-14.92161846
-14.94602046
-14.96589057
-14.98122348
-14.99201509
-14.99826251
-14.99996406
-14.99711931
-14.98972899
-14.9777951
-14.96132082
-14.94031057
-14.91476995
-14.88470579
-14.85012615
-14.81104026
-14.76745859
-14.71939277
-14.66685567
-14.60986135
-14.54842503
-14.48256315
-14.41229333
-14.33763435
-14.25860618
-14.17522997
-14.08752799
-13.99552371
-13.89924174
-13.79870782
-13.69394884
-13.58499281
-13.47186887
-13.35460728
-13.23323939
-13.10779766
-12.97831564
-12.84482796
-12.70737031
-12.56597945
-12.42069321
-12.27155042
-12.11859099
-11.9618558
-11.80138679
-11.63722685
-11.4694199
-11.29801082
-11.12304543
-10.94457054
-10.76263387
-10.57728407
-10.38857073
-10.19654429
-10.00125613
-9.802758455
-9.60110436
-9.396347772
-9.188543449
-8.977746964
-8.764014691
-8.547403788
-8.327972183
-8.10577856
-7.880882339
-7.653343666
-7.42322339
-7.190583054
-6.955484872
-6.717991717
-6.478167102
-6.236075163
-5.991780643
-5.745348875
-5.496845761
-5.246337759
-4.993891863
-4.739575584
-4.483456934
-4.225604408
-3.966086964
-3.704974003
-3.442335356
-3.178241261
-2.912762344
-2.645969603
-2.377934386
-2.108728374
-1.838423562
-1.567092236
-1.29480696
-1.021640551
-0.747666062
-0.472956762
-0.197586117
0.07837223
0.35484448
0.631756695
0.90903482
1.186604704
1.464392114
1.742322763
2.020322322
2.298316447
2.576230792
2.853991036
3.131522896
3.408752152
3.685604664
3.962006393
4.237883421
4.513161971
4.787768423
5.061629339
5.334671482
5.60682183
5.878007603
6.148156277
6.417195606
6.685053641
6.951658747
7.216939627
7.480825336
7.743245304
8.00412935
8.263407707
8.521011035
8.776870444
9.030917508
9.283084288
9.533303346
9.781507766
10.02763117
10.27160774
10.51337223
10.75285997
10.99000693
11.22474969
11.45702546
11.68677214
11.91392827
12.13843311
12.36022662
12.57924948
12.79544313
13.00874975
13.21911228
13.42647448
13.63078088
13.83197686
14.0300086
14.22482314
14.41636839
14.60459312
14.78944699
14.97088057
15.14884533
15.32329369
15.49417898
15.66145552
15.82507856
15.98500435
16.14119012
16.29359409
16.44217552
16.58689467
16.72771282
16.86459234
16.9974966
17.12639007
17.25123827
17.37200783
17.48866643
17.60118289
17.70952711
17.81367011
17.91358405
18.00924221
18.10061901
18.18769
18.2704319
18.34882258
18.42284109
18.49246762
18.55768356
18.61847146
18.67481507
18.72669932
18.77411033
18.81703543
18.85546313
18.88938317
18.91878646
18.94366514
18.96401256
18.97982329
18.99109308
18.99781894
18.99999905
18.99763283
18.99072093
18.97926518
18.96326865
18.94273562
18.91767158
18.88808323
18.85397849
18.81536647
18.77225751
18.72466312
18.67259605
18.6160702
18.55510071
18.48970387
18.41989718
18.3456993
18.26713007
18.18421051
18.0969628
18.00541025
17.90957737
17.80948978
17.70517424
17.59665865
17.48397203
17.36714453
17.24620737
17.12119291
16.99213457
16.85906687
16.7220254
16.58104681
16.43616879
16.2874301
16.1348705
15.97853081
15.81845282
15.65467936
15.48725421
15.31622215
15.14162893
14.96352122
14.78194668
14.59695384
14.40859219
14.2169121
14.02196483
13.82380251
13.62247815
13.41804558
13.21055946
13.0000753
12.78664938
12.57033878
12.35120134
12.12929567
11.90468111
11.67741774
11.44756632
11.21518834
10.98034593
10.7431019
10.50351969
10.26166338
10.01759764
9.771387752
9.523099554
9.272799447
9.020554369
8.766431779
8.510499635
8.252826383
7.993480932
7.732532639
7.470051291
7.206107081
6.940770598
6.6741128
6.406205
6.137118845
5.866926296
5.595699612
5.323511327
5.050434233
4.776541358
4.50190595
4.226601456
3.950701499
3.674279865
3.397410476
3.120167377
2.842624711
2.5648567
2.28693763
2.008941823
1.730943626
1.453017382
1.175237418
0.897678021
0.620413419
0.343517762
0.067065098
-0.208870639
-0.484215655
-0.758896316
-1.032839163
-1.305970935
-1.578218588
-1.849509315
-2.119770564
-2.38893006
-2.65691582
-2.923656177
-3.189079797
-3.453115696
-3.715693264
-3.976742279
-4.236192929
-4.493975828
-4.750022037
-5.004263082
-5.256630971
-5.507058213
-5.755477836
-6.001823405
-6.246029039
-6.48802943
-6.72775986
-6.965156218
-7.200155016
-7.432693409
-7.662709208
-7.890140901
-8.114927664
-8.337009384
-8.556326668
-8.772820865
-8.986434076
-9.197109176
-9.404789824
-9.609420478
-9.810946415
-10.00931374
-10.2044694
-10.39636122
-10.58493786
-10.7701489
-10.95194481
-11.13027697
-11.30509769
-11.47636021
-11.64401874
-11.80802844
-11.96834545
-12.12492688
-12.27773088
-12.42671657
