11.64589803
11.58265346
11.52103069
11.46105005
11.40273131
11.34609372
11.29115595
11.23793612
11.18645178
11.13671992
11.08875693
11.04257864
10.99820028
10.95563647
10.91490127
10.8760081
10.8389698
10.80379857
10.77050602
10.73910312
10.70960025
10.68200712
10.65633283
10.63258586
10.61077403
10.59090455
10.57298396
10.55701817
10.54301245
10.53097142
10.52089905
10.51279866
10.50667292
10.50252386
10.50035284
10.50016057
10.50194713
10.50571192
10.5114537
10.51917058
10.52886001
10.5405188
10.5541431
10.56972841
10.5872696
10.60676088
10.62819583
10.65156737
10.6768678
10.70408877
10.7332213
10.76425578
10.79718199
10.83198905
10.8686655
10.90719923
10.94757754
10.9897871
11.033814
11.07964372
11.12726113
11.17665054
11.22779566
11.28067962
11.33528497
11.39159372
11.44958727
11.50924652
11.57055178
11.63348283
11.69801892
11.76413876
11.83182055
11.90104196
11.97178016
12.04401183
12.11771314
12.19285978
12.26942697
12.34738945
12.42672152
12.50739701
12.5893893
12.67267136
12.75721573
12.84299451
12.92997941
13.01814175
13.10745246
13.19788206
13.28940075
13.38197833
13.47558428
13.57018771
13.66575743
13.76226192
13.85966936
13.9579476
14.05706425
14.1569866
14.25768171
14.35911637
14.46125711
14.56407026
14.6675219
14.77157792
14.87620399
14.9813656
15.08702809
15.19315659
15.2997161
15.40667148
15.51398745
15.62162862
15.72955949
15.83774446
15.94614786
16.05473391
16.16346683
16.27231073
16.38122973
16.49018791
16.59914932
16.70807802
16.8169381
16.92569366
17.03430881
17.14274774
17.25097468
17.35895395
17.46664992
17.57402707
17.68105
17.78768341
17.89389212
17.9996411
18.10489549
18.20962056
18.31378178
18.41734479
18.52027544
18.62253977
18.72410407
18.82493483
18.92499879
19.02426296
19.1226946
19.22026124
19.3169307
19.41267111
19.50745088
19.60123876
19.69400381
19.78571543
19.87634339
19.96585779
20.0542291
20.14142819
20.22742628
20.31219503
20.39570647
20.47793305
20.55884766
20.63842362
20.71663467
20.79345502
20.86885934
20.94282275
21.01532087
21.08632977
21.15582605
21.22378678
21.29018955
21.35501245
21.41823411
21.47983367
21.53979082
21.59808579
21.65469934
21.70961282
21.76280809
21.81426763
21.86397445
21.91191217
21.95806498
22.00241765
22.04495555
22.08566465
22.12453154
22.16154338
22.19668798
22.22995374
22.26132969
22.29080548
22.31837139
22.34401833
22.36773784
22.3895221
22.40936392
22.42725676
22.44319471
22.45717253
22.4691856
22.47922995
22.48730228
22.49339993
22.49752088
22.49966377
22.49982789
22.4980132
22.49422029
22.48845041
22.48070547
22.47098802
22.45930126
22.44564904
22.43003588
22.41246692
22.39294796
22.37148543
22.3480864
22.32275861
22.2955104
22.26635076
22.2352893
22.20233628
22.16750255
22.13079961
22.09223957
22.05183513
22.00959963
21.96554699
21.91969175
21.87204903
21.82263454
21.77146458
21.71855602
21.66392632
21.60759349
21.54957612
21.48989333
21.42856481
21.36561079
21.30105204
21.23490983
21.167206
21.09796286
21.02720326
20.95495052
20.88122849
20.80606148
20.72947428
20.65149214
20.57214079
20.49144639
20.40943557
20.32613536
20.24157325
20.15577713
20.06877528
19.9805964
19.89126958
19.80082428
19.70929033
19.61669791
19.52307757
19.42846017
19.33287694
19.23635939
19.13893935
19.04064896
18.94152063
18.84158705
18.74088119
18.63943626
18.53728572
18.43446326
18.33100279
18.22693842
18.1223045
18.01713551
17.91146616
17.80533129
17.6987659
17.59180515
17.4844843
17.37683876
17.26890403
17.1607157
17.05230946
16.94372106
16.83498632
16.7261411
16.61722129
16.50826282
16.39930162
16.29037364
16.18151479
16.07276098
15.96414809
15.85571192
15.74748825
15.63951276
15.53182108
15.42444871
15.31743107
15.21080346
15.10460104
14.99885884
14.89361174
14.78889444
14.68474149
14.58118723
14.47826582
14.3760112
14.2744571
14.17363701
14.07358419
13.97433162
13.87591206
13.77835795
13.68170147
13.5859745
13.49120862
13.39743507
13.30468478
13.21298835
13.12237602
13.03287767
12.94452282
12.85734061
12.77135979
12.68660873
12.60311537
12.52090725
12.44001148
12.36045475
12.28226329
12.2054629
12.13007889
12.05613614
11.98365904
11.91267147
11.84319687
11.77525813
11.70887768
11.64407739
11.58087865
11.5193023
11.45936865
11.40109745
11.34450794
11.28961877
11.23644805
11.18501332
11.13533153
11.08741908
11.04129176
10.9969648
10.9544528
10.9137698
10.8749292
10.83794382
10.80282585
10.76958689
