5.215615231
5.138330915
5.063396276
4.990836976
4.92067786
4.852942955
4.787655454
4.724837714
4.664511247
4.606696711
4.551413902
4.498681753
4.44851832
4.40094078
4.355965427
4.313607661
4.273881988
4.23680201
4.202380425
4.170629021
4.141558669
4.115179326
4.091500023
4.07052887
4.052273048
4.036738808
4.023931471
4.01385542
4.006514108
4.001910047
4.000044815
4.00091905
4.004532453
4.010883786
4.019970875
4.031790607
4.046338936
4.063610879
4.083600522
4.10630102
4.131704599
4.15980256
4.190585282
4.224042223
4.260161927
4.298932024
4.340339239
4.384369393
4.431007407
4.480237311
4.532042248
4.586404477
4.643305384
4.702725482
4.764644424
4.829041008
4.895893182
4.965178052
5.036871894
5.110950157
5.187387474
5.26615767
5.347233771
5.430588015
5.516191857
5.604015984
5.694030322
5.786204046
5.880505594
5.976902672
6.075362272
6.175850677
6.278333476
6.382775576
6.489141212
6.597393961
6.707496752
6.819411884
6.933101032
7.048525265
7.165645058
7.284420305
7.404810333
7.526773916
7.650269289
7.775254164
7.901685741
8.029520726
8.158715343
8.289225351
8.42100606
8.554012343
8.688198653
8.823519041
8.959927169
9.097376325
9.235819441
9.375209111
9.515497601
9.656636874
9.798578596
9.941274163
10.08467471
10.22873113
10.3733941
10.51861407
10.66434133
10.81052596
10.95711791
11.10406697
11.25132284
11.39883508
11.54655318
11.69442656
11.84240457
11.99043655
12.13847181
12.28645965
12.4343494
12.5820904
12.72963208
12.87692391
13.02391545
13.17055637
13.31679644
13.4625856
13.60787391
13.75261164
13.8967492
14.04023725
14.18302666
14.32506852
14.46631419
14.60671531
14.7462238
14.88479188
15.02237211
15.15891737
15.29438091
15.42871634
15.56187765
15.69381925
15.82449595
15.95386301
16.08187613
16.20849148
16.33366568
16.45735589
16.57951974
16.7001154
16.81910157
16.93643752
17.05208305
17.16599857
17.27814507
17.38848415
17.49697802
17.60358953
17.70828218
17.81102011
17.91176814
18.01049177
18.10715719
18.20173131
18.29418174
18.38447682
18.47258563
18.55847799
18.6421245
18.72349652
18.80256617
18.87930638
18.95369087
19.02569418
19.09529164
19.16245942
19.22717452
19.28941478
19.34915889
19.40638639
19.46107768
19.51321403
19.56277759
19.6097514
19.65411935
19.69586626
19.73497784
19.77144068
19.80524232
19.83637116
19.86481655
19.89056875
19.91361894
19.93395922
19.95158264
19.96648316
19.97865567
19.98809601
19.99480094
19.99876817
19.99999634
19.99848503
19.99423475
19.98724697
19.97752407
19.96506939
19.94988718
19.93198265
19.91136193
19.88803208
19.86200109
19.83327788
19.80187227
19.76779503
19.73105781
19.69167322
19.64965472
19.60501671
19.55777447
19.50794418
19.45554291
19.4005886
19.34310006
19.28309699
19.22059993
19.15563028
19.08821029
19.01836304
18.94611247
18.87148329
18.79450108
18.71519219
18.63358378
18.5497038
18.46358097
18.37524478
18.28472548
18.19205407
18.09726228
18.00038258
17.90144813
17.80049281
17.69755121
17.59265856
17.48585078
17.37716446
17.26663681
17.15430567
17.04020952
16.92438742
16.80687904
16.68772461
16.56696494
16.44464138
16.32079582
16.19547066
16.06870883
15.94055373
15.81104924
15.68023972
15.54816995
15.41488516
15.280431
15.1448535
15.00819909
14.87051457
14.73184708
14.59224411
14.45175347
14.31042325
14.16830187
14.02543799
13.88188052
13.73767863
13.5928817
13.44753931
13.30170123
13.1554174
13.00873792
12.86171301
12.71439302
12.56682839
12.41906966
12.27116743
12.12317234
11.97513508
11.82710632
11.67913677
11.5312771
11.38357794
11.23608986
11.08886336
10.94194888
10.79539671
10.64925703
10.5035799
10.3584152
10.21381263
10.06982172
9.926491765
9.783871855
9.642010825
9.500957254
9.360759444
9.221465403
9.08312283
8.945779099
8.809481241
8.67427593
8.540209464
8.407327752
8.275676298
8.145300184
8.016244055
7.888552105
7.76226806
7.637435164
7.514096164
7.392293297
7.27206827
7.153462255
7.036515865
6.921269147
6.807761566
6.696031991
6.586118682
6.478059277
6.371890779
6.267649545
6.16537127
6.065090978
5.966843008
5.870661005
5.776577903
5.684625921
5.594836546
5.507240525
5.421867855
5.338747769
5.257908731
5.179378423
5.103183737
5.029350764
4.957904787
4.888870273
4.822270861
4.758129356
4.696467724
4.63730708
4.580667681
4.526568923
4.475029333
4.426066558
4.379697365
4.335937633
4.294802346
4.256305592
4.220460551
4.1872795
4.1567738
4.128953898
4.10382932
4.081408669
4.061699624
4.044708933
