15.70792992
15.68114547
15.6561846
15.63305398
15.61175979
15.59230773
15.574703
15.55895031
15.54505387
15.53301739
15.5228441
15.51453672
15.50809747
15.50352807
15.50082974
15.5000032
15.50104868
15.5039659
15.50875407
15.51541191
15.52393765
15.53432901
15.5465832
15.56069695
15.57666648
15.59448753
15.61415532
15.6356646
15.65900961
15.68418412
15.71118139
15.7399942
15.77061484
15.80303512
15.83724638
15.87323947
15.91100476
15.95053215
15.99181107
16.03483048
16.07957887
16.12604428
16.17421429
16.22407601
16.2756161
16.32882078
16.38367583
16.44016658
16.49827791
16.55799428
16.61929973
16.68217786
16.74661186
16.81258449
16.88007811
16.94907467
17.01955572
17.09150241
17.1648955
17.23971536
17.31594199
17.39355499
17.47253361
17.55285673
17.63450287
17.7174502
17.80167652
17.88715933
17.97387574
18.06180259
18.15091634
18.24119318
18.33260895
18.42513921
18.51875921
18.61344392
18.70916802
18.8059059
18.90363169
19.00231927
19.10194223
19.20247394
19.30388751
19.40615582
19.50925152
19.61314703
19.71781458
19.82322617
19.92935362
20.03616853
20.14364235
20.25174633
20.36045157
20.46972898
20.57954935
20.68988331
20.80070135
20.91197384
21.02367101
21.135763
21.24821983
21.36101142
21.47410762
21.58747817
21.70109275
21.81492099
21.92893244
22.04309661
22.15738297
22.27176096
22.38619998
22.50066944
22.61513872
22.72957721
22.8439543
22.95823941
23.07240197
23.18641145
23.30023737
23.41384927
23.52721679
23.64030959
23.75309745
23.86555018
23.97763773
24.08933011
24.20059745
24.31141
24.42173812
24.53155231
24.6408232
24.74952157
24.85761835
24.96508463
25.07189167
25.1780109
25.28341396
25.38807264
25.49195896
25.59504514
25.69730361
25.79870702
25.89922825
25.99884043
26.09751691
26.1952313
26.29195747
26.38766956
26.48234196
26.57594936
26.66846673
26.75986932
26.85013269
26.9392327
27.02714552
27.11384765
27.19931589
27.28352738
27.36645962
27.44809041
27.52839793
27.6073607
27.6849576
27.76116789
27.83597118
27.90934747
27.98127712
28.05174092
28.12072001
28.18819594
28.25415068
28.31856658
28.38142641
28.44271337
28.50241107
28.56050353
28.61697523
28.67181106
28.72499636
28.7765169
28.8263589
28.87450905
28.92095445
28.96568269
29.00868181
29.0499403
29.08944714
29.12719176
29.16316406
29.19735443
29.22975372
29.26035326
29.28914488
29.31612087
29.34127401
29.36459759
29.38608537
29.40573159
29.42353101
29.43947886
29.45357088
29.4658033
29.47617285
29.48467676
29.49131274
29.49607904
29.49897437
29.49999795
29.49914952
29.4964293
29.49183802
29.48537691
29.47704769
29.46685259
29.45479435
29.44087617
29.42510179
29.40747543
29.38800179
29.36668609
29.34353402
29.31855178
29.29174605
29.263124
29.23269328
29.20046203
29.16643887
29.1306329
29.09305369
29.0537113
29.01261624
28.96977951
28.92521256
28.8789273
28.83093613
28.78125187
28.7298878
28.67685768
28.62217567
28.5658564
28.50791493
28.44836677
28.38722782
28.32451445
28.26024342
28.19443193
28.12709757
28.05825835
27.98793268
27.91613937
27.84289762
27.76822701
27.69214751
27.61467947
27.53584361
27.45566101
27.37415311
27.29134172
27.20724897
27.12189736
27.03530971
26.94750917
26.85851924
26.7683637
26.67706667
26.58465257
26.4911461
26.39657228
26.30095639
26.20432401
26.10670098
26.00811341
25.90858765
25.80815034
25.70682833
25.60464871
25.50163881
25.39782618
25.29323858
25.18790399
25.08185056
24.97510667
24.86770086
24.75966185
24.65101854
24.54179998
24.43203538
24.3217541
24.21098562
24.09975957
23.9881057
23.87605386
23.76363402
23.65087624
23.53781069
23.42446759
23.31087727
23.19707009
23.08307649
22.96892695
22.85465202
22.74028224
22.62584819
22.5113805
22.39690976
22.28246659
22.16808159
22.05378536
21.93960846
21.82558143
21.71173476
21.59809889
21.48470422
21.37158107
21.2587597
21.14627027
21.03414287
20.92240749
20.811094
20.70023218
20.58985167
20.479982
20.37065254
20.26189253
20.15373107
20.04619706
19.93931928
19.83312631
19.72764654
19.62290818
19.51893924
19.41576754
19.31342065
19.21192595
19.11131059
19.01160146
18.91282524
18.81500834
18.71817692
18.62235688
18.52757384
18.43385315
18.34121987
18.24969878
18.15931435
18.07009075
17.98205185
17.89522119
17.80962198
17.72527713
17.64220919
17.56044037
17.47999254
17.40088721
17.32314555
17.24678834
17.17183599
17.09830857
17.02622572
16.95560673
16.88647048
16.81883546
16.75271976
16.68814106
16.62511663
