4.349999999999999
4.688095238095237
4.680952380952381
4.107142857142857
4.121428571428572
3.9452380952380954
4.423809523809523
4.552380952380953
4.154761904761905
4.383333333333332
4.078571428571429
3.7857142857142865
4.276190476190476
4.178571428571429
3.711904761904761
3.1214285714285714
2.961904761904761
4.078571428571429
4.533333333333333
4.921428571428571
4.857142857142858
4.40952380952381
4.166666666666667
4.259523809523809
4.802380952380952
4.752380952380952
4.328571428571429
4.342857142857143
5.321428571428571
5.0142857142857125
5.050000000000001
5.376190476190477
4.69047619047619
5.297619047619047
5.169047619047621
5.302380952380952
5.466666666666667
5.859523809523809
5.102380952380953
4.719047619047619
5.192857142857143
5.119047619047619
5.954761904761905
4.995238095238095
5.564285714285714
5.62142857142857
5.45
5.383333333333332
5.7214285714285715
5.830952380952381
5.75
5.711904761904762
6.100000000000001
5.540476190476191
5.319047619047619
5.200000000000001
4.916666666666667
5.242857142857143
6.361904761904763
6.114285714285715
6.647619047619049
5.933333333333334
6.338095238095238
7.38095238095238
6.759523809523809
6.983333333333335
6.5809523809523816
7.033333333333334
8.25952380952381
7.971428571428573
9.042857142857144
8.25952380952381
7.904761904761905
8.521428571428574
8.302380952380952
7.704761904761904
7.745238095238095
7.99047619047619
8.247619047619047
8.383333333333333
7.65
7.92142857142857
8.142857142857142
7.885714285714285
7.726190476190477
7.573809523809524
8.852380952380953
8.688095238095237
8.773809523809524
8.807142857142857
7.9523809523809526
8.035714285714285
8.773809523809524
8.65952380952381
9.126190476190477
8.797619047619046
9.342857142857142
9.357142857142856
9.276190476190479
9.776190476190475
9.280952380952384
10.014285714285712
9.504761904761907
8.847619047619045
8.995238095238093
10.050000000000002
10.871428571428574
9.71904761904762
9.764285714285714
10.276190476190475
10.685714285714289
10.011904761904763
10.533333333333335
11.283333333333333
11.095238095238097
11.338095238095239
11.235714285714286
11.571428571428571
11.735714285714286
12.111904761904764
12.180952380952382
12.488095238095237
11.919047619047621
12.261904761904763
12.609523809523811
12.283333333333333
11.595238095238095
11.971428571428573
12.000000000000004
12.059523809523807
12.923809523809526
13.52142857142857
12.771428571428574
13.264285714285714
13.67619047619047
14.152380952380952
14.073809523809524
13.65952380952381
14.269047619047617
13.69761904761905
13.633333333333331
14.611904761904762
14.233333333333329
14.430952380952382
14.40714285714286
15.030952380952382
16.145238095238096
16.728571428571428
15.345238095238095
15.147619047619044
15.514285714285712
16.01428571428571
15.097619047619045
15.621428571428577
15.647619047619045
15.399999999999999
14.952380952380949
14.928571428571429
14.961904761904758
15.433333333333334
15.464285714285714
15.178571428571429
15.097619047619048
15.561904761904762
16.314285714285713
14.771428571428574
15.402380952380955
16.261904761904763
15.828571428571427
15.623809523809522
16.25952380952381
16.935714285714283
17.23333333333333
16.526190476190475
16.47142857142857
16.788095238095234
17.278571428571432
17.250000000000004
18.21428571428571
18.649999999999995
18.06190476190476
18.333333333333332
17.752380952380953
18.052380952380954
18.057142857142853
17.24047619047619
18.016666666666666
18.364285714285714
19.22142857142857
19.70952380952381
18.99285714285714
18.695238095238093
18.73333333333333
19.073809523809526
19.573809523809523
19.65714285714285
19.564285714285713
18.69285714285714
19.561904761904763
19.32857142857143
19.569047619047616
20.485714285714284
20.292857142857137
20.08571428571429
19.109523809523814
19.430952380952387
20.557142857142853
20.266666666666666
20.36190476190476
19.93095238095238
19.695238095238093
19.459523809523812
19.14761904761905
19.36190476190476
19.538095238095238
19.271428571428572
19.864285714285717
19.91428571428571
19.39761904761905
19.33571428571429
19.17857142857143
18.919047619047614
19.359523809523807
19.67142857142857
19.735714285714284
19.69761904761905
19.61428571428571
18.664285714285715
19.333333333333336
19.835714285714285
19.709523809523805
19.245238095238097
18.95952380952381
18.521428571428572
17.73809523809524
17.780952380952378
18.12142857142857
17.723809523809525
18.333333333333336
18.254761904761903
17.99047619047619
17.35952380952381
17.53571428571429
17.557142857142857
16.823809523809523
18.152380952380952
16.99047619047619
16.554761904761907
16.9047619047619
17.07142857142857
16.445238095238096
16.31904761904762
16.1
16.41904761904762
16.49523809523809
16.007142857142853
16.46904761904762
16.128571428571426
15.995238095238097
15.652380952380955
15.01190476190476
15.742857142857142
14.671428571428573
14.869047619047619
14.902380952380952
14.878571428571428
15.238095238095237
14.495238095238093
14.264285714285712
14.261904761904763
14.747619047619047
14.959523809523809
13.645238095238096
13.535714285714283
13.23095238095238
12.366666666666669
12.514285714285712
12.726190476190473
13.016666666666667
13.083333333333334
11.649999999999999
11.390476190476189
10.702380952380953
9.895238095238096
10.966666666666667
11.102380952380953
10.595238095238093
11.057142857142859
11.176190476190476
11.285714285714286
10.554761904761905
11.11904761904762
10.754761904761907
11.12857142857143
10.297619047619047
9.45952380952381
9.02857142857143
8.859523809523811
8.911904761904761
9.428571428571429
8.342857142857142
8.083333333333334
8.378571428571428
8.249999999999998
7.9452380952380945
7.561904761904761
7.116666666666667
7.402380952380952
7.366666666666666
7.928571428571429
7.361904761904763
7.038095238095239
7.316666666666667
8.073809523809524
7.504761904761905
7.607142857142857
7.750000000000002
6.747619047619047
6.490476190476191
5.60952380952381
5.580952380952381
5.635714285714285
6.4714285714285715
5.669047619047619
4.878571428571429
5.050000000000001
5.43095238095238
5.3690476190476195
5.019047619047619
5.126190476190477
4.742857142857144
5.699999999999999
5.735714285714285
5.085714285714286
5.85
4.892857142857142
3.792857142857143
3.845238095238096
3.3071428571428574
2.9595238095238106
2.8714285714285714
2.9499999999999997
2.8976190476190475
3.814285714285714
4.114285714285716
3.7523809523809537
3.6380952380952376
3.854761904761905
4.05
4.183333333333333
4.285714285714286
3.502380952380953
2.650000000000001
3.0071428571428576
3.0452380952380955
2.7880952380952375
2.964285714285715
3.6880952380952383
3.5547619047619046
3.8214285714285716
2.9785714285714286
1.8642857142857145
2.1166666666666663
1.4380952380952383
1.5476190476190477
