2.2452380952380953
2.071428571428572
2.1166666666666663
2.8142857142857154
2.438095238095238
2.0238095238095237
2.776190476190476
1.8619047619047617
1.7357142857142855
0.5499999999999999
0.29047619047619044
2.276190476190476
3.6785714285714293
2.2023809523809526
0.6928571428571428
0.10238095238095253
0.18333333333333343
0.3690476190476191
-1.0476190476190472
-0.592857142857143
-1.7571428571428578
-1.7166666666666668
0.1333333333333331
1.214285714285714
0.6904761904761899
-1.5166666666666668
-0.1428571428571429
0.08571428571428556
-0.20476190476190462
0.8452380952380952
1.3333333333333335
0.9142857142857143
1.4666666666666668
1.0547619047619048
0.08809523809523799
-0.10476190476190476
-0.19761904761904775
-0.18333333333333315
0.519047619047619
0.18333333333333338
1.6047619047619046
1.419047619047619
0.22142857142857128
0.4571428571428572
1.2452380952380955
1.1500000000000001
2.0119047619047614
2.754761904761905
2.6309523809523814
2.1738095238095236
3.3142857142857145
3.8166666666666664
3.526190476190476
2.7833333333333337
2.4761904761904763
2.6071428571428568
2.8642857142857143
3.9642857142857135
4.942857142857143
2.8023809523809526
3.5952380952380953
3.2523809523809524
3.395238095238095
3.3666666666666667
4.428571428571429
5.783333333333335
6.152380952380952
5.621428571428571
5.014285714285714
5.102380952380953
4.919047619047619
5.745238095238095
6.973809523809523
7.061904761904763
7.366666666666667
6.871428571428572
5.830952380952381
5.933333333333334
6.073809523809524
6.152380952380952
6.690476190476191
6.304761904761904
6.254761904761906
6.754761904761903
7.757142857142856
9.295238095238094
9.42619047619048
9.473809523809525
9.521428571428572
8.797619047619047
10.507142857142858
10.614285714285714
10.49761904761905
10.676190476190477
9.321428571428571
8.478571428571428
9.335714285714285
9.473809523809525
11.069047619047618
11.626190476190478
10.82857142857143
11.03095238095238
11.604761904761904
11.311904761904765
12.492857142857147
12.847619047619048
12.885714285714286
12.78095238095238
13.94047619047619
14.533333333333333
14.357142857142858
13.428571428571429
12.788095238095238
14.126190476190478
14.421428571428569
14.223809523809528
14.438095238095238
15.207142857142856
13.502380952380953
13.63809523809524
15.083333333333336
15.05238095238095
15.48095238095238
14.464285714285712
14.759523809523811
15.140476190476193
14.930952380952384
15.564285714285713
16.442857142857143
17.550000000000004
17.076190476190476
17.116666666666667
15.92619047619048
14.923809523809526
17.188095238095237
18.083333333333332
16.66904761904762
16.15952380952381
16.32142857142857
17.195238095238093
16.273809523809526
16.947619047619046
16.96666666666666
18.46666666666667
19.614285714285717
19.278571428571432
19.204761904761906
18.833333333333332
19.71904761904762
20.492857142857147
20.01666666666667
21.06666666666667
20.19523809523809
19.299999999999997
18.345238095238102
18.661904761904758
19.30238095238095
19.611904761904764
21.07857142857143
21.788095238095234
22.06666666666666
22.62857142857143
22.4952380952381
22.304761904761907
21.302380952380947
21.652380952380955
21.707142857142856
21.266666666666666
22.290476190476188
22.761904761904766
22.069047619047616
21.890476190476186
23.440476190476197
23.083333333333332
23.19761904761905
23.335714285714285
24.571428571428573
24.14047619047619
23.433333333333337
23.72857142857143
23.676190476190477
23.357142857142854
23.411904761904765
24.097619047619048
24.321428571428573
24.904761904761905
24.354761904761904
24.085714285714282
24.178571428571427
24.583333333333332
24.473809523809525
23.623809523809523
23.173809523809524
23.585714285714285
23.40238095238095
24.740476190476194
25.264285714285716
25.271428571428572
25.861904761904764
25.488095238095237
25.507142857142856
24.004761904761907
24.223809523809525
24.435714285714283
23.916666666666664
24.166666666666668
24.152380952380955
24.19047619047619
24.580952380952382
24.70952380952381
24.03571428571429
23.861904761904764
24.80714285714286
25.26666666666667
24.98095238095238
25.22857142857143
24.48095238095238
23.526190476190475
22.616666666666667
23.461904761904762
23.05238095238095
23.50714285714286
23.92380952380952
24.18095238095238
24.35714285714286
23.861904761904764
23.585714285714285
23.971428571428568
24.483333333333338
23.44047619047619
22.052380952380958
22.585714285714285
23.0
22.035714285714285
20.98095238095238
22.150000000000002
22.46666666666667
22.607142857142858
23.36190476190476
23.588095238095235
23.75714285714286
22.33809523809524
21.914285714285718
22.509523809523806
21.511904761904766
21.985714285714284
21.9952380952381
21.264285714285712
20.390476190476193
20.714285714285715
21.24523809523809
20.67380952380952
20.907142857142855
20.11428571428571
19.45238095238095
20.435714285714283
21.135714285714283
20.159523809523808
19.390476190476186
18.633333333333333
18.790476190476188
18.542857142857137
18.29523809523809
18.488095238095234
18.902380952380952
18.528571428571425
17.885714285714283
17.166666666666668
17.928571428571427
18.116666666666667
17.138095238095236
16.104761904761904
14.492857142857142
14.373809523809522
14.719047619047618
16.73095238095238
16.923809523809524
16.64761904761905
15.171428571428569
15.145238095238096
15.407142857142858
14.769047619047617
15.540476190476186
13.63809523809524
13.423809523809522
12.714285714285714
12.597619047619048
13.79047619047619
12.85714285714286
12.697619047619046
12.511904761904763
12.547619047619047
13.757142857142856
13.342857142857142
12.076190476190476
11.5
11.480952380952381
11.554761904761907
10.764285714285714
10.859523809523811
11.083333333333334
9.423809523809524
9.842857142857143
11.280952380952382
12.409523809523805
10.830952380952382
9.588095238095239
9.314285714285717
8.890476190476189
9.102380952380951
8.085714285714287
8.028571428571427
9.17857142857143
8.588095238095239
8.866666666666665
8.600000000000001
7.685714285714286
9.073809523809524
9.173809523809524
7.476190476190477
6.8880952380952385
6.445238095238096
6.359523809523809
7.045238095238095
6.021428571428572
6.6833333333333345
5.380952380952381
5.476190476190476
5.1761904761904765
5.621428571428572
7.366666666666666
7.1071428571428585
6.690476190476191
5.952380952380953
4.60952380952381
4.035714285714286
4.788095238095239
5.121428571428569
4.980952380952379
4.495238095238095
3.5238095238095237
2.666666666666667
2.45
3.5547619047619046
2.33095238095238
1.9214285714285715
3.11190476190476
3.304761904761905
2.7476190476190476
2.9904761904761905
2.4999999999999996
2.8047619047619046
2.9857142857142853
1.942857142857143
1.2666666666666666
2.4071428571428575
3.5666666666666664
1.935714285714286
1.2000000000000004
2.0119047619047614
0.3238095238095238
1.5095238095238095
1.5333333333333334
1.3714285714285712
0.2285714285714287
