-1.8941176470588237
-1.4264705882352944
-1.0676470588235294
-0.18529411764705883
-0.8617647058823527
-1.0294117647058822
-1.4941176470588238
-2.067647058823529
-2.2941176470588225
-2.335294117647059
-1.4176470588235297
-0.31176470588235267
-2.873529411764706
-4.917647058823529
-4.864705882352942
-4.9264705882352935
-4.273529411764705
-4.25
-3.7911764705882356
-5.938235294117648
-6.070588235294118
-5.223529411764708
-4.985294117647059
-4.355882352941177
-3.8647058823529403
-3.6941176470588233
-3.3911764705882357
-2.476470588235294
-2.4441176470588237
-3.9617647058823526
-2.8941176470588243
-1.6647058823529408
-2.988235294117647
-3.6205882352941177
-4.726470588235294
-3.770588235294118
-2.8529411764705883
-2.11764705882353
-2.5264705882352945
-1.2852941176470587
-1.5470588235294118
-3.2088235294117644
-2.926470588235294
-2.2647058823529416
-1.9264705882352942
-1.9117647058823526
-2.329411764705882
-2.761764705882353
-2.929411764705883
-2.1264705882352946
-0.8411764705882353
-0.9500000000000002
-1.008823529411765
-1.2852941176470587
-0.4352941176470587
-0.27647058823529397
-1.0147058823529411
-0.04705882352941183
-0.2735294117647061
0.2970588235294119
-0.9676470588235295
-2.4529411764705884
-1.9205882352941175
-1.2058823529411764
-0.6470588235294119
0.9058823529411764
1.5823529411764705
0.2529411764705879
0.8735294117647061
1.5823529411764705
3.044117647058823
1.697058823529412
2.4647058823529413
3.4441176470588237
3.052941176470588
4.4676470588235295
4.147058823529413
3.7088235294117653
3.3764705882352946
4.361764705882353
4.076470588235295
4.217647058823529
5.320588235294117
5.379411764705881
5.879411764705882
5.370588235294117
5.797058823529412
6.358823529411765
7.926470588235296
7.9147058823529415
6.805882352941177
7.435294117647058
6.126470588235294
6.394117647058824
6.638235294117647
6.182352941176471
5.855882352941177
6.526470588235294
6.373529411764706
8.652941176470588
8.788235294117648
8.676470588235292
7.991176470588235
8.976470588235294
11.241176470588236
10.791176470588235
10.111764705882354
11.270588235294118
12.052941176470586
10.48529411764706
8.744117647058825
9.49705882352941
9.347058823529412
11.055882352941175
10.376470588235293
10.367647058823527
9.541176470588237
9.905882352941175
11.776470588235293
13.726470588235294
13.694117647058823
12.517647058823528
11.950000000000001
13.626470588235291
14.482352941176472
14.720588235294118
14.582352941176472
14.614705882352943
15.091176470588232
13.561764705882355
12.123529411764707
12.664705882352939
14.152941176470588
14.691176470588236
13.526470588235291
13.808823529411764
13.464705882352941
13.726470588235296
15.188235294117646
15.688235294117643
15.038235294117646
15.63823529411765
16.17941176470588
16.214705882352945
16.235294117647058
16.038235294117648
16.526470588235295
16.58823529411765
18.2
18.349999999999998
17.661764705882355
16.870588235294115
16.097058823529412
16.794117647058826
17.788235294117644
18.038235294117648
18.623529411764704
20.94705882352941
20.617647058823525
20.176470588235297
20.523529411764706
20.414705882352937
20.05
19.870588235294118
19.45
19.88235294117647
20.755882352941175
20.473529411764705
20.835294117647063
20.791176470588237
21.373529411764707
21.305882352941175
21.029411764705884
21.717647058823534
21.626470588235296
22.294117647058822
21.517647058823528
20.820588235294117
20.641176470588235
20.370588235294115
21.026470588235295
21.802941176470583
21.811764705882354
21.77058823529412
22.244117647058825
22.258823529411767
22.76764705882353
22.24411764705883
22.341176470588238
21.92647058823529
22.561764705882354
21.820588235294117
21.955882352941174
22.517647058823528
23.076470588235296
23.158823529411766
22.855882352941173
23.079411764705885
23.514705882352946
23.073529411764707
22.929411764705883
22.814705882352943
22.22647058823529
21.700000000000003
22.27058823529412
21.88235294117647
22.129411764705885
21.86176470588235
22.13529411764706
22.091176470588234
22.188235294117643
22.711764705882356
23.252941176470586
22.70882352941177
22.55882352941176
22.235294117647058
21.61470588235294
21.04117647058823
21.261764705882353
21.688235294117646
21.400000000000002
20.89705882352941
20.58529411764706
20.86764705882353
20.60882352941176
20.038235294117644
20.35882352941176
21.035294117647055
20.876470588235293
19.829411764705885
19.70294117647059
20.47058823529412
20.91176470588235
20.2
20.29705882352941
20.241176470588236
21.06764705882353
21.00294117647059
21.735294117647058
20.93235294117647
20.155882352941177
19.779411764705884
20.302941176470586
19.997058823529414
20.0
19.150000000000002
19.67058823529412
20.214705882352945
20.429411764705883
19.808823529411764
18.876470588235293
17.92647058823529
18.2235294117647
18.426470588235293
18.66176470588235
16.75
15.135294117647057
15.544117647058824
15.994117647058822
16.405882352941177
16.685294117647057
16.917647058823526
17.95
17.491176470588236
15.773529411764704
14.770588235294117
15.467647058823529
13.558823529411764
13.235294117647058
13.429411764705883
13.61470588235294
13.823529411764707
12.78235294117647
13.923529411764706
12.958823529411763
12.582352941176467
12.576470588235292
12.100000000000001
12.467647058823532
12.623529411764707
12.7
12.623529411764704
12.279411764705884
11.71470588235294
11.702941176470588
9.617647058823529
9.688235294117646
9.855882352941176
9.805882352941177
11.273529411764706
11.632352941176471
9.802941176470586
9.805882352941175
9.323529411764707
9.282352941176471
9.391176470588237
9.047058823529412
8.738235294117647
7.958823529411764
7.908823529411764
8.129411764705884
7.9705882352941195
8.373529411764705
6.891176470588236
7.038235294117648
7.344117647058824
6.579411764705882
7.426470588235294
7.258823529411765
6.514705882352941
5.523529411764706
5.882352941176471
5.9264705882352935
6.473529411764706
7.035294117647059
7.058823529411765
7.482352941176472
5.820588235294117
5.758823529411764
5.923529411764705
4.814705882352941
4.317647058823529
5.270588235294117
4.697058823529412
4.661764705882353
3.673529411764706
3.226470588235294
3.179411764705882
4.020588235294118
3.0441176470588234
2.6617647058823533
2.547058823529412
2.302941176470588
1.211764705882353
1.3411764705882356
1.1911764705882353
0.6058823529411765
0.10588235294117662
-0.07058823529411766
-1.5499999999999998
-0.7294117647058824
-1.0
-2.6294117647058823
-1.9205882352941175
-0.8117647058823529
-0.9970588235294119
-0.6617647058823527
-0.4999999999999998
-1.6882352941176473
-2.794117647058823
-2.31764705882353
-1.1941176470588233
-0.8441176470588232
-1.217647058823529
0.3147058823529411
-1.1735294117647062
-2.102941176470588
-2.158823529411765
-1.3911764705882355
-0.005882352941176515
-0.17941176470588252
-0.5411764705882353
0.0294117647058823
0.45588235294117657
0.788235294117647
