-2.3999999999999995
-3.528125
-2.44375
-2.13125
-1.9843750000000002
-1.5281250000000002
-2.8
-3.4031249999999993
-3.665625
-4.528125
-2.5218749999999996
-1.0000000000000002
-2.75
-6.890625000000001
-6.5406249999999995
-6.796875000000001
-6.181250000000001
-4.971875
-4.9125
-8.437499999999998
-8.94375
-7.168749999999999
-6.6499999999999995
-7.446874999999999
-6.890624999999999
-6.903124999999999
-6.656249999999999
-5.1875
-4.10625
-5.065625
-5.6968749999999995
-3.1593750000000007
-4.340625000000001
-3.7
-5.393750000000001
-6.140624999999999
-4.31875
-4.015625
-5.15
-3.3875
-4.153125
-5.2875
-5.240625
-5.228125
-3.7375000000000003
-4.509375
-3.8406249999999997
-3.7750000000000004
-4.2625
-3.909375
-3.2625
-3.5406249999999995
-3.321875
-4.121874999999999
-3.496875
-2.315625
-2.521875
-2.1437500000000003
-2.70625
-1.9781249999999997
-2.4281249999999996
-3.7687500000000003
-2.48125
-3.253125
-2.3375
-2.7062500000000003
-0.1968750000000001
1.2125000000000004
-0.5562499999999996
-1.075
-0.18437499999999984
-0.23750000000000016
-0.3687499999999999
1.51875
1.603125
1.2343749999999998
1.446875
1.115625
1.296875
2.0749999999999997
1.8562499999999997
1.5281250000000002
1.790625
1.5374999999999996
2.9875
4.071875
4.753125
5.478124999999999
4.3343750000000005
6.075
6.290625
5.793750000000001
5.5375
4.346875000000001
3.1531250000000006
3.378125
4.640625
5.86875
5.074999999999999
5.809375000000001
6.0687500000000005
6.6625
6.434374999999999
6.8343750000000005
9.175000000000002
9.515625
8.109375
8.890625
9.821874999999999
9.928125
9.178124999999998
8.5625
9.015625
8.540625
7.90625
9.340625
9.337500000000002
7.800000000000002
7.78125
10.871875000000001
11.69375
11.993750000000002
11.64375
12.1125
12.231250000000001
12.7
12.824999999999998
13.681249999999999
13.546875
13.325000000000001
12.934375
10.778125000000001
11.734375
13.403125000000001
13.915625
12.262500000000001
11.765625
12.703125
13.303124999999998
13.593750000000002
13.428125000000001
14.024999999999999
14.609374999999998
14.728125000000002
14.775
14.628124999999999
15.665625
15.825
17.58125
17.378125
17.575000000000003
17.353125000000002
16.465625
14.765625
15.075000000000001
15.331249999999997
16.275
18.153125000000003
18.784375
18.71875
19.571875
19.721874999999997
20.231249999999996
18.599999999999998
19.340625
18.721875
18.584375
19.3125
18.715625
18.753125
18.374999999999996
19.418749999999996
20.890624999999996
20.471875
20.400000000000002
22.021874999999998
21.940625
21.359375
21.603125000000002
19.915625000000002
19.45625
19.237500000000004
20.009375
21.0
21.390624999999996
21.212500000000006
20.990625
21.35625
22.109375
21.700000000000003
20.637500000000003
19.987499999999997
20.071875000000002
20.203125
21.275000000000002
22.06875
22.474999999999998
22.831250000000004
23.240625
21.9875
21.450000000000003
22.087500000000002
22.1375
21.85
21.121874999999996
20.846875
20.878125
21.25625
21.159374999999997
21.7875
21.490624999999998
21.946874999999995
22.765625
22.340625
21.509375000000002
21.849999999999994
20.275000000000002
20.121875000000003
20.334374999999998
21.15
21.325
21.125000000000004
20.171875
20.41875
20.393750000000004
19.724999999999998
20.321875000000002
20.418750000000003
20.309375
19.775
19.1875
18.712500000000002
18.940625
19.087500000000002
19.09375
20.375000000000004
19.965625000000003
19.96875
19.740625
19.8125
20.009375000000002
18.690625
19.05
18.928125
19.440625
19.465624999999996
18.803125
17.553124999999998
18.315624999999997
18.978125000000002
18.828124999999996
18.190625
17.896874999999998
17.284375
17.318750000000005
17.775000000000002
17.331249999999997
15.809375000000001
14.553124999999998
14.596874999999997
15.48125
15.728124999999999
16.05
16.587500000000002
15.215625
14.621875000000003
14.63125
14.325
14.5625
15.212499999999999
14.590625000000001
13.656250000000004
12.878125
12.6875
12.012500000000001
13.18125
13.475
11.9875
11.990625
10.512500000000001
10.996875000000001
11.85
12.665624999999999
11.84375
10.684375000000001
10.906250000000002
10.03125
10.587499999999997
10.5375
9.406250000000002
9.084375000000001
9.409374999999999
8.74375
9.065625
8.374999999999998
7.0125
8.490625000000001
8.36875
9.618749999999999
7.918749999999999
7.3875
5.878125
7.262499999999999
8.9
7.5218750000000005
5.809375
4.56875
5.1156250000000005
5.6937500000000005
5.296875
5.946875000000001
6.693749999999999
6.709375
5.921875000000001
4.765625
5.715625
5.425
6.1000000000000005
5.5562499999999995
4.134375
3.1062499999999997
3.1687500000000006
5.05
4.0874999999999995
4.121874999999999
3.384375
2.840625
2.20625
2.6812499999999995
2.44375
2.171875
2.471875
2.765625000000001
2.946875
0.7312500000000001
0.8156249999999999
-0.4843750000000002
0.728125
0.934375
-0.8281250000000002
-3.1000000000000005
-3.3906250000000004
-1.4281249999999996
-0.740625
-1.271875
-1.690625
-1.73125
-1.93125
-0.9874999999999999
-2.371875
-1.846875
-1.9343749999999997
-1.428125
-2.696875
-2.4343749999999993
-2.0906249999999997
-3.106249999999999
-4.143750000000001
-3.03125
-3.74375
-3.3250000000000006
-2.2875000000000005
-3.175
-3.0812500000000003
-1.290625
