17.871428571428574
17.771428571428572
16.04285714285714
14.871428571428572
15.735714285714286
16.883333333333333
16.269047619047615
15.954761904761906
15.273809523809522
15.842857142857142
16.223809523809525
17.083333333333336
16.428571428571427
15.566666666666668
15.769047619047617
16.185714285714287
15.911904761904761
15.159523809523808
15.899999999999999
15.533333333333333
15.928571428571423
17.08809523809524
16.90714285714286
15.678571428571425
15.526190476190477
15.685714285714285
16.314285714285713
16.757142857142856
17.864285714285717
17.44047619047619
16.295238095238094
16.350000000000005
17.14047619047619
16.62619047619047
16.17142857142857
15.397619047619045
16.547619047619044
16.749999999999993
15.57380952380952
16.045238095238098
17.22857142857143
17.152380952380945
16.735714285714284
15.997619047619047
16.054761904761904
17.578571428571426
17.747619047619043
16.911904761904765
17.06904761904762
17.60238095238095
18.166666666666668
19.095238095238102
19.89761904761904
19.426190476190477
18.902380952380955
19.06904761904762
19.276190476190475
18.323809523809526
18.73095238095238
18.842857142857145
18.500000000000004
17.883333333333333
17.423809523809524
17.80952380952381
18.495238095238093
18.83095238095238
19.36904761904762
18.52857142857143
18.285714285714285
18.27619047619048
19.02142857142857
19.1452380952381
18.84761904761905
19.04285714285714
20.197619047619046
20.47142857142857
20.09047619047619
20.933333333333334
20.97142857142857
20.342857142857145
19.95714285714286
20.004761904761907
20.776190476190486
20.776190476190475
20.952380952380953
21.00238095238095
21.219047619047622
21.35
21.6
22.042857142857144
21.78095238095238
21.197619047619046
21.452380952380956
22.18095238095238
21.838095238095235
21.469047619047622
21.611904761904764
22.19285714285714
22.44285714285714
21.923809523809524
22.62142857142857
22.76666666666667
23.049999999999994
22.530952380952378
22.183333333333337
22.05
21.702380952380956
21.571428571428573
22.63095238095238
23.04523809523809
23.376190476190477
23.252380952380957
23.2
23.173809523809524
23.204761904761902
23.809523809523814
24.240476190476194
23.664285714285718
24.20714285714286
23.861904761904757
23.949999999999996
24.678571428571427
25.31904761904762
25.335714285714282
25.054761904761904
25.049999999999997
25.14761904761905
25.24761904761905
25.814285714285717
26.14761904761904
26.30476190476191
26.052380952380954
25.888095238095236
25.78333333333333
26.10238095238095
25.847619047619045
25.788095238095234
25.854761904761908
25.623809523809523
25.59761904761905
25.840476190476195
25.79047619047619
26.261904761904763
26.945238095238096
26.911904761904765
26.81428571428572
26.854761904761908
27.178571428571423
27.319047619047616
27.31190476190476
27.302380952380954
27.297619047619047
26.91904761904762
27.18571428571429
27.271428571428572
27.61904761904762
27.62857142857143
27.785714285714285
27.809523809523814
27.89285714285714
28.10476190476191
28.34047619047619
28.164285714285718
28.200000000000003
28.31666666666667
28.60238095238095
28.464285714285708
28.39761904761905
28.06666666666667
27.988095238095237
28.15
28.173809523809524
27.759523809523806
27.84523809523809
27.738095238095237
27.86904761904762
28.011904761904763
27.861904761904764
27.91428571428572
27.928571428571427
27.56428571428572
27.595238095238095
27.459523809523812
28.111904761904757
28.15
28.20952380952381
28.299999999999997
28.340476190476185
28.14761904761905
28.135714285714286
28.14761904761905
28.44285714285714
28.109523809523807
28.10238095238096
28.330952380952382
28.32857142857143
28.27857142857143
28.48333333333333
28.550000000000004
28.2904761904762
28.533333333333335
28.347619047619045
28.530952380952375
28.383333333333336
28.56428571428572
28.419047619047618
28.621428571428574
28.826190476190476
28.7904761904762
28.657142857142862
28.821428571428573
28.738095238095244
28.407142857142855
28.009523809523806
28.414285714285718
28.697619047619046
28.49761904761905
28.70476190476191
28.657142857142862
28.559523809523814
28.33571428571429
28.407142857142865
28.611904761904764
28.826190476190472
28.79047619047619
28.638095238095236
28.564285714285717
28.616666666666656
28.750000000000007
28.69047619047619
28.557142857142853
28.623809523809523
28.59761904761904
28.411904761904754
28.23095238095238
28.130952380952387
28.13095238095238
28.19285714285714
28.23095238095238
28.51666666666667
28.68095238095238
28.502380952380946
28.55714285714285
28.423809523809524
28.43809523809524
28.27142857142857
28.45952380952381
28.02857142857143
27.63095238095238
27.502380952380957
27.65952380952381
27.990476190476194
27.90952380952381
28.109523809523807
27.588095238095235
27.845238095238102
28.01904761904762
27.914285714285718
28.02857142857143
28.088095238095246
27.93571428571428
27.747619047619043
27.511904761904763
27.6
27.314285714285717
27.530952380952378
27.730952380952377
27.01904761904763
26.735714285714288
26.938095238095237
27.290476190476188
26.952380952380945
26.45952380952381
26.176190476190474
26.240476190476187
26.492857142857144
26.41190476190476
26.321428571428573
26.549999999999997
26.64285714285715
26.49761904761905
25.97857142857143
25.66904761904762
25.521428571428572
25.569047619047616
25.947619047619046
25.630952380952387
24.61904761904762
24.314285714285717
23.711904761904766
23.80952380952381
24.369047619047617
24.226190476190474
24.1
24.026190476190475
23.950000000000003
22.88809523809524
23.30952380952381
23.345238095238102
23.547619047619044
22.602380952380955
22.23095238095238
22.49523809523809
22.883333333333333
22.778571428571432
22.130952380952383
21.930952380952377
21.454761904761906
21.438095238095237
21.440476190476186
20.93095238095238
20.952380952380956
20.91190476190476
20.800000000000004
20.82857142857143
20.680952380952384
20.738095238095237
20.964285714285715
21.054761904761907
20.464285714285715
19.345238095238102
19.809523809523814
20.228571428571428
20.147619047619052
20.485714285714284
20.097619047619045
18.94047619047619
19.03095238095238
20.280952380952378
20.552380952380947
18.98095238095238
18.773809523809526
19.035714285714285
18.861904761904764
18.678571428571427
18.8
19.05
18.954761904761906
18.521428571428572
17.326190476190476
17.76428571428571
18.211904761904766
19.8
19.919047619047625
18.65238095238095
18.476190476190474
18.569047619047616
18.29761904761905
17.442857142857147
17.173809523809524
17.550000000000004
17.328571428571426
16.90714285714286
16.461904761904762
15.57380952380952
16.29285714285714
16.916666666666668
16.64047619047619
16.390476190476186
15.002380952380953
14.897619047619049
15.233333333333333
16.745238095238093
17.261904761904766
17.747619047619047
