11.161904761904761
12.166666666666666
11.99761904761905
11.452380952380953
11.073809523809523
11.09047619047619
11.542857142857146
11.930952380952382
12.457142857142859
12.11190476190476
11.445238095238096
11.373809523809523
11.6
12.09047619047619
11.588095238095239
11.902380952380952
11.664285714285715
11.804761904761905
12.52857142857143
11.747619047619049
11.664285714285715
11.238095238095237
11.604761904761904
11.907142857142858
11.923809523809522
11.528571428571428
11.478571428571431
10.809523809523808
10.983333333333334
11.195238095238093
11.640476190476189
11.647619047619045
12.073809523809524
12.33333333333333
12.51190476190476
12.776190476190473
12.954761904761902
12.392857142857142
11.776190476190479
12.049999999999999
11.202380952380954
11.573809523809524
11.65
12.654761904761905
12.02142857142857
12.00238095238095
12.938095238095238
12.91904761904762
13.145238095238096
12.06666666666667
11.961904761904762
11.385714285714286
12.483333333333333
12.045238095238094
11.638095238095238
11.788095238095238
12.190476190476193
12.6047619047619
11.178571428571429
12.411904761904761
13.230952380952383
12.878571428571428
12.95
12.32380952380952
13.621428571428572
12.642857142857142
12.754761904761907
13.816666666666668
14.507142857142856
14.952380952380949
15.46666666666667
15.68809523809524
15.069047619047616
14.488095238095237
14.654761904761905
15.164285714285716
14.897619047619045
15.285714285714283
15.264285714285712
14.454761904761902
14.25952380952381
14.264285714285714
13.961904761904764
14.340476190476192
13.826190476190478
13.940476190476188
14.32380952380952
13.83333333333333
14.797619047619047
16.152380952380952
15.069047619047618
14.090476190476187
14.095238095238095
14.523809523809524
14.921428571428569
14.383333333333331
14.185714285714285
14.292857142857144
14.607142857142854
14.088095238095239
14.97857142857143
14.442857142857143
15.164285714285715
15.63571428571429
15.45714285714286
14.926190476190476
15.08095238095238
15.435714285714285
15.688095238095238
16.480952380952385
16.185714285714283
16.502380952380957
16.497619047619047
16.545238095238094
16.773809523809526
17.488095238095237
17.7
17.450000000000006
17.271428571428572
17.454761904761902
17.623809523809523
18.009523809523813
17.911904761904765
18.373809523809523
18.000000000000004
17.30238095238095
17.240476190476194
17.22857142857143
17.28333333333333
17.342857142857145
17.697619047619046
17.3
17.442857142857143
17.150000000000002
17.49047619047619
17.964285714285715
18.550000000000004
18.15238095238095
18.33095238095238
18.773809523809522
18.43095238095238
17.880952380952376
17.73095238095238
18.083333333333332
17.93095238095238
17.547619047619047
17.59285714285714
18.326190476190476
18.188095238095237
19.364285714285714
19.57857142857143
19.71904761904762
19.599999999999994
19.54523809523809
19.04761904761905
19.509523809523813
19.226190476190478
19.32857142857143
19.357142857142858
19.445238095238096
19.4
19.27857142857143
19.323809523809523
19.347619047619048
20.35714285714286
20.8952380952381
20.142857142857146
20.27142857142857
20.883333333333333
20.69761904761905
21.314285714285713
20.807142857142857
20.79285714285714
20.76190476190476
21.247619047619054
21.611904761904764
21.583333333333332
21.054761904761904
21.442857142857143
21.51904761904762
21.954761904761902
22.314285714285717
22.633333333333333
22.192857142857143
21.864285714285717
21.623809523809527
21.711904761904766
21.157142857142855
21.928571428571427
22.14285714285715
21.726190476190474
21.75238095238095
22.22142857142857
22.302380952380954
22.049999999999994
22.211904761904762
22.197619047619046
22.159523809523808
21.83095238095238
21.82857142857143
21.719047619047622
21.747619047619047
21.338095238095235
21.554761904761904
21.514285714285712
21.504761904761903
21.797619047619047
22.330952380952382
22.64761904761904
22.511904761904766
22.104761904761904
22.454761904761906
22.535714285714285
22.761904761904766
23.030952380952378
22.44285714285714
22.20952380952381
22.02142857142857
21.538095238095234
21.409523809523805
21.245238095238093
22.22142857142857
21.5047619047619
21.859523809523807
22.354761904761904
22.814285714285717
22.821428571428573
22.871428571428567
22.0952380952381
22.085714285714285
21.96666666666667
21.338095238095235
20.79761904761905
20.823809523809526
21.226190476190474
21.252380952380953
21.86666666666667
22.19761904761905
22.14761904761904
22.302380952380958
22.21428571428571
21.51904761904762
21.411904761904765
21.797619047619044
21.628571428571433
21.799999999999997
21.14285714285715
20.664285714285718
20.45
20.542857142857144
20.642857142857142
20.702380952380956
20.469047619047622
19.985714285714288
20.20238095238095
20.07857142857143
20.20952380952381
20.75714285714286
20.64285714285714
19.776190476190475
18.60714285714286
19.82619047619048
19.861904761904768
20.085714285714285
20.238095238095237
20.445238095238096
20.319047619047623
21.099999999999998
20.371428571428567
20.29285714285714
19.985714285714284
19.62142857142857
19.152380952380952
20.023809523809522
19.69285714285714
18.81190476190476
17.84047619047619
17.25714285714286
16.85238095238095
16.95714285714286
17.240476190476194
17.29285714285714
16.571428571428573
16.428571428571427
15.97857142857143
16.752380952380957
16.833333333333336
17.464285714285715
17.521428571428572
17.51666666666667
16.623809523809523
16.764285714285716
16.904761904761905
16.704761904761902
15.899999999999999
16.290476190476188
15.235714285714288
15.097619047619048
15.252380952380948
14.976190476190473
14.55952380952381
14.735714285714286
14.416666666666664
14.36190476190476
14.111904761904762
14.607142857142858
14.433333333333332
14.054761904761904
13.733333333333333
14.685714285714285
14.073809523809524
13.264285714285714
13.054761904761904
13.061904761904762
12.48809523809524
12.573809523809524
12.421428571428573
13.276190476190477
13.223809523809523
13.24047619047619
12.592857142857142
12.149999999999999
12.633333333333335
12.580952380952382
12.314285714285713
12.211904761904762
11.771428571428574
11.833333333333334
11.704761904761906
12.030952380952382
11.01190476190476
11.014285714285716
11.371428571428572
12.20952380952381
11.22857142857143
10.421428571428569
10.38095238095238
9.757142857142858
9.788095238095238
9.342857142857143
9.31904761904762
8.707142857142857
8.757142857142858
8.838095238095239
9.230952380952383
9.685714285714287
9.600000000000001
8.676190476190476
8.011904761904763
8.542857142857143
9.428571428571429
9.823809523809523
9.983333333333334
9.038095238095238
8.359523809523811
8.1
8.073809523809524
8.49047619047619
8.602380952380951
8.15952380952381
8.25
8.65952380952381
8.32380952380952
8.497619047619045
8.011904761904761
